7.56

6.250 5.133 8.776
-6.377 -8.701 7.350
-2.025 5.427 -9.386
2.671 3.072 -6.777
3.556 -7.017 -3.357
-8.873 6.583 8.098
-7.389 9.587 -6.861
4.228 -9.802 -4.819
-0.986 1.738 -5.300
2.745 -7.507 -3.514
-2.614 -4.048 -9.609
-0.237 2.731 -0.187
-3.956 0.731 0.180
3.908 3.376 2.188
9.766 -1.235 -7.644
-4.388 6.172 -0.608
-4.520 -5.347 4.197
9.826 2.351 -2.408
-9.910 -9.604 9.997
-1.259 7.854 5.509
0.253 -3.609 -2.648
-6.141 -7.642 -9.401
-8.032 -4.699 -1.132
7.982 -2.469 9.000
6.013 -7.361 -8.629
6.025 5.872 2.431
0.634 -3.792 7.016
8.073 2.322 -6.119
2.721 8.824 -5.918
-0.004 1.432 -6.946
-5.645 -0.805 2.835
4.556 3.270 -0.462
-5.287 6.181 -8.461
-0.120 -9.291 1.253
3.620 -4.684 7.187
0.148 3.536 4.632
8.560 4.580 -3.003
5.369 -5.210 5.284
-8.149 -8.122 2.184
-9.787 -9.609 9.684
-0.800 -0.234 1.670
5.476 2.644 3.229
-0.250 6.226 -3.511
6.263 -5.340 3.211
5.434 -6.806 6.859
7.135 -1.539 -0.228
3.142 -0.929 -6.237
2.198 2.145 8.601
5.793 -3.573 -8.984
5.344 -2.407 8.114
-8.683 -7.072 -2.869
-1.974 -8.173 5.539
5.082 -9.651 8.714
6.313 3.284 -7.940
-0.629 -5.858 8.059
-9.663 5.261 0.848
0.647 -7.999 -8.779
4.245 8.186 4.055
3.921 -5.744 3.007
7.609 -9.418 9.027
-4.566 8.829 0.534
5.899 -4.145 0.041
-3.164 8.148 -4.476
-8.324 -7.067 -7.463
2.362 1.510 0.199
-4.974 7.972 -8.531
6.229 -7.608 -4.849
4.263 0.860 6.048
1.369 -7.817 7.159
-8.996 -6.998 8.658
-1.998 -2.289 -2.449
9.480 5.369 7.414
6.642 5.088 -0.911
2.716 1.292 -2.082
4.559 4.171 2.750
9.520 4.816 1.031
-2.845 -8.981 -8.661
9.698 0.322 -2.570
-9.888 6.927 0.157
-8.502 -5.285 6.521
-1.465 5.879 6.582
-1.970 -8.128 -6.107
-5.908 3.876 0.257
-1.489 -3.223 -2.632
-1.375 6.860 -1.334
-1.784 0.335 -6.771
-4.300 4.462 -6.590
7.428 6.123 -9.871
-7.200 -2.678 -0.092
-3.549 8.178 4.439
-6.489 -8.817 -3.854
-0.196 9.636 5.289
8.128 -6.528 -1.802
-0.781 0.804 -4.272
-5.701 2.007 4.654
-9.503 -8.220 5.597
7.960 2.252 -3.206
4.077 8.578 -3.464
-5.140 2.922 -6.135
-8.793 -3.034 6.875
