6.650 -9.262 -7.548
-1.171 5.067 -4.978
0.234 5.640 1.297
7.617 7.977 -8.704
-1.729 9.523 1.667
7.367 -4.489 -1.195
5.652 -2.370 -8.732
3.695 -7.491 -4.510
-9.886 -6.901 7.228
7.877 5.072 -2.802
-7.114 3.400 -3.431
9.237 4.761 9.939
1.860 1.101 7.739
7.454 -1.977 9.885
7.929 -4.548 9.259
0.436 -6.476 1.395
-5.097 -0.271 -7.742
-3.735 -1.550 -7.084
-6.786 -3.447 -0.163
8.051 9.264 -1.838
-6.659 -3.280 -6.909
6.996 -8.339 1.190
4.530 3.471 -6.896
5.222 -0.137 3.751
3.284 -4.736 -5.254
-0.815 -4.694 -8.436
1.617 7.251 3.168
4.560 -0.303 -7.737
-8.071 -9.046 1.117
-7.866 -4.806 5.971
-9.750 -1.278 -4.472
-6.410 -5.032 3.549
6.679 4.878 -1.667
-1.815 -2.205 6.097
-2.834 9.098 -0.687
-7.141 -0.074 -9.493
7.806 4.361 -9.459
-4.437 2.769 -7.373
7.083 -3.864 2.197
5.662 -5.391 4.554
-4.231 -9.422 -9.995
6.830 4.551 -7.014
3.361 6.218 4.360
2.341 -4.840 -1.602
-3.740 9.416 -8.514
-4.848 -7.831 1.730
-9.503 2.072 6.110
5.486 -7.440 -2.334
2.400 8.474 -6.263
-3.816 -9.114 7.388
