-1.297 6.375 -6.486
-2.686 -2.057 9.193
-4.742 9.278 5.467
2.714 9.980 5.603
4.720 8.064 7.996
-8.267 7.154 4.894
9.547 -3.852 5.295
-8.369 -8.741 -5.764
-5.001 9.109 -5.661
6.431 -9.381 -1.174
2.436 -9.108 -9.599
6.510 3.546 -4.297
-6.328 -3.313 -2.634
5.887 6.250 -5.428
-2.803 -3.474 -4.007
-2.101 3.786 4.804
-3.497 3.176 -2.575
1.049 3.764 8.396
4.180 -8.348 7.843
7.348 2.295 5.206
9.755 -0.520 5.614
-2.705 -7.750 3.618
-7.708 -0.942 2.469
3.903 -0.869 9.999
4.309 -8.065 -5.482
-3.536 8.821 0.367
-3.712 3.785 -7.924
-9.879 -5.289 2.300
1.661 -4.102 -4.591
5.305 -4.648 -7.220
-7.870 0.414 8.486
0.545 -4.862 4.936
-9.836 -8.356 -2.588
-9.469 2.665 -6.138
-2.142 2.793 3.308
-0.698 -1.538 7.309
3.495 7.611 -9.427
5.378 5.763 3.252
4.460 -0.256 -3.565
-5.840 -4.187 -6.454
-1.189 2.249 3.061
-5.864 9.823 -4.984
-9.850 7.514 -8.299
1.887 -9.126 8.809
9.431 8.947 -7.100
-0.400 -5.342 -8.624
2.282 -6.204 -2.845
4.148 -7.407 -9.598
-3.895 8.464 6.701
-6.312 5.201 3.908
3.782 9.118 -2.117
4.456 9.338 -3.147
2.069 0.227 -8.226
3.714 7.328 6.292
-4.461 -0.776 -8.328
-5.170 7.862 -8.363
-9.973 -2.382 3.802
-4.133 -8.073 -7.953
2.635 6.779 -7.933
5.828 -2.479 -1.482
4.131 -7.006 9.939
3.397 5.622 7.009
-9.435 2.307 9.462
5.526 -0.925 2.694
-3.302 5.755 6.742
9.870 -6.076 9.399
-2.189 -7.252 -1.136
-8.207 -1.756 6.035
8.073 1.104 -6.220
-2.477 1.803 0.390
-6.852 1.312 -7.153
7.820 6.844 -4.370
8.501 8.471 7.042
7.371 7.823 4.951
-9.986 -5.431 -0.089
3.423 -1.128 -7.288
3.245 -3.319 1.481
-8.860 -9.082 6.528
-3.934 -8.258 2.135
4.017 -4.641 -6.273
6.430 -2.025 -0.970
5.454 3.817 9.768
3.708 7.169 -8.574
-4.585 0.091 -3.098
5.198 -5.095 7.408
5.908 -6.209 2.996
-3.041 9.703 1.114
5.767 -1.520 6.122
3.757 -7.147 5.787
2.731 -9.925 -3.435
1.413 -7.448 -1.207
5.982 3.920 -0.756
-3.249 -3.375 6.090
0.715 7.757 4.470
-2.611 -6.385 7.506
-3.167 9.884 0.213
-6.851 -7.975 -6.751
3.897 0.319 -5.256
-8.501 9.846 -4.712
4.761 1.826 3.402
